{
    "cams": {
        "CAM_FRONT": {
            "img_path": "data/0-FRONT.jpg",
            "sensor2lidar_rotation": [
                [
                    0.9998841024231295,
                    -0.010318110548127942,
                    -0.011194566369935472
                ],
                [
                    0.01172853486041661,
                    0.053231852370755645,
                    0.9985133005439671
                ],
                [
                    -0.009706863114429698,
                    -0.9985288711338778,
                    0.05334669924731082
                ]
            ],
            "sensor2lidar_translation": [
                -0.006171874397523425,
                0.424550066830534,
                -0.3298943159880352
            ],
            "cam_intrinsic": [
                [
                    1252.8131021185304,
                    0.0,
                    826.588114781398
                ],
                [
                    0.0,
                    1252.8131021185304,
                    469.9846626224581
                ],
                [
                    0.0,
                    0.0,
                    1.0
                ]
            ],
            "lidar2img": {
                "extrinsic": [
                    [
                        547.1024169921875,
                        369.6232604980469,
                        14.051339149475098,
                        -148.91148376464844
                    ],
                    [
                        -7.219073295593262,
                        165.93328857421875,
                        -543.1293334960938,
                        -249.6668243408203
                    ],
                    [
                        -0.011194566264748573,
                        0.9985132813453674,
                        0.053346700966358185,
                        -0.4063892066478729
                    ],
                    [
                        0.0,
                        0.0,
                        0.0,
                        1.0
                    ]
                ],
                "intrinsic": [
                    [
                        1.0,
                        0.0,
                        0.0
                    ],
                    [
                        0.0,
                        1.0,
                        0.0
                    ],
                    [
                        0.0,
                        0.0,
                        1.0
                    ]
                ]
            },
            "post_tran": [
                0.0,
                -70.0,
                0.0
            ],
            "post_rot": [
                [
                    0.4399999976158142,
                    0.0,
                    0.0
                ],
                [
                    0.0,
                    0.4399999976158142,
                    0.0
                ],
                [
                    0.0,
                    0.0,
                    1.0
                ]
            ]
        },
        "CAM_FRONT_RIGHT": {
            "img_path": "data/1-FRONT_RIGHT.jpg",
            "sensor2lidar_rotation": [
                [
                    0.536796298569036,
                    -0.0013917966343260178,
                    0.84371073049044
                ],
                [
                    -0.8420686118037027,
                    0.06149828888703281,
                    0.5358529774844516
                ],
                [
                    -0.052632564611346966,
                    -0.9981062184788233,
                    0.031840065583108555
                ]
            ],
            "sensor2lidar_translation": [
                0.49884036591424774,
                0.35476319658630473,
                -0.30847992437945493
            ],
            "cam_intrinsic": [
                [
                    1256.7485116440405,
                    0.0,
                    817.7887570959712
                ],
                [
                    0.0,
                    1256.7485116440403,
                    451.9541780095127
                ],
                [
                    0.0,
                    0.0,
                    1.0
                ]
            ],
            "lidar2img": {
                "extrinsic": [
                    [
                        600.4218139648438,
                        -272.82373046875,
                        -17.64727783203125,
                        -208.17066955566406
                    ],
                    [
                        107.9508056640625,
                        103.05659484863281,
                        -547.8192138671875,
                        -259.4021301269531
                    ],
                    [
                        0.843710720539093,
                        0.5358529686927795,
                        0.031840067356824875,
                        -0.6011558771133423
                    ],
                    [
                        0.0,
                        0.0,
                        0.0,
                        1.0
                    ]
                ],
                "intrinsic": [
                    [
                        1.0,
                        0.0,
                        0.0
                    ],
                    [
                        0.0,
                        1.0,
                        0.0
                    ],
                    [
                        0.0,
                        0.0,
                        1.0
                    ]
                ]
            },
            "post_tran": [
                0.0,
                -70.0,
                0.0
            ],
            "post_rot": [
                [
                    0.4399999976158142,
                    0.0,
                    0.0
                ],
                [
                    0.0,
                    0.4399999976158142,
                    0.0
                ],
                [
                    0.0,
                    0.0,
                    1.0
                ]
            ]
        },
        "CAM_FRONT_LEFT": {
            "img_path": "data/2-FRONT_LEFT.jpg",
            "sensor2lidar_rotation": [
                [
                    0.5675703249907608,
                    -0.014656609717689133,
                    -0.8231944545376068
                ],
                [
                    0.8226343943648143,
                    0.05103638876004427,
                    0.5662754985255589
                ],
                [
                    0.03371319323231489,
                    -0.9985892402854735,
                    0.04102377101344571
                ]
            ],
            "sensor2lidar_translation": [
                -0.5030572391367514,
                0.20939050675497128,
                -0.32913638762264696
            ],
            "cam_intrinsic": [
                [
                    1257.8625342125129,
                    0.0,
                    827.2410631095686
                ],
                [
                    0.0,
                    1257.8625342125129,
                    450.915498205774
                ],
                [
                    0.0,
                    0.0,
                    1.0
                ]
            ],
            "lidar2img": {
                "extrinsic": [
                    [
                        14.49588394165039,
                        661.4111938476562,
                        33.59096908569336,
                        -120.14495849609375
                    ],
                    [
                        -113.81232452392578,
                        100.95794677734375,
                        -547.4111328125,
                        -258.5666809082031
                    ],
                    [
                        -0.8231944441795349,
                        0.5662754774093628,
                        0.041023772209882736,
                        -0.5191842317581177
                    ],
                    [
                        0.0,
                        0.0,
                        0.0,
                        1.0
                    ]
                ],
                "intrinsic": [
                    [
                        1.0,
                        0.0,
                        0.0
                    ],
                    [
                        0.0,
                        1.0,
                        0.0
                    ],
                    [
                        0.0,
                        0.0,
                        1.0
                    ]
                ]
            },
            "post_tran": [
                0.0,
                -70.0,
                0.0
            ],
            "post_rot": [
                [
                    0.4399999976158142,
                    0.0,
                    0.0
                ],
                [
                    0.0,
                    0.4399999976158142,
                    0.0
                ],
                [
                    0.0,
                    0.0,
                    1.0
                ]
            ]
        },
        "CAM_BACK": {
            "img_path": "data/3-BACK.jpg",
            "sensor2lidar_rotation": [
                [
                    -0.9999267350578347,
                    -0.00858108516519255,
                    -0.00853753441974547
                ],
                [
                    0.00819704864646806,
                    0.038959804756611795,
                    -0.999207156703161
                ],
                [
                    0.008906902383435836,
                    -0.9992039324335729,
                    -0.03888661079623093
                ]
            ],
            "sensor2lidar_translation": [
                -0.00957707717611811,
                -1.0185334250382994,
                -0.3201802926969961
            ],
            "cam_intrinsic": [
                [
                    796.8910634503094,
                    0.0,
                    857.7774326863696
                ],
                [
                    0.0,
                    796.8910634503094,
                    476.8848988407415
                ],
                [
                    0.0,
                    0.0,
                    1.0
                ]
            ],
            "lidar2img": {
                "extrinsic": [
                    [
                        -353.8286437988281,
                        -374.2486877441406,
                        -11.553619384765625,
                        -388.2726745605469
                    ],
                    [
                        -4.202601432800293,
                        -126.05793762207031,
                        -355.7904357910156,
                        -242.35154724121094
                    ],
                    [
                        -0.00853753462433815,
                        -0.9992071390151978,
                        -0.03888661041855812,
                        -1.0302584171295166
                    ],
                    [
                        0.0,
                        0.0,
                        0.0,
                        1.0
                    ]
                ],
                "intrinsic": [
                    [
                        1.0,
                        0.0,
                        0.0
                    ],
                    [
                        0.0,
                        1.0,
                        0.0
                    ],
                    [
                        0.0,
                        0.0,
                        1.0
                    ]
                ]
            },
            "post_tran": [
                0.0,
                -70.0,
                0.0
            ],
            "post_rot": [
                [
                    0.4399999976158142,
                    0.0,
                    0.0
                ],
                [
                    0.0,
                    0.4399999976158142,
                    0.0
                ],
                [
                    0.0,
                    0.0,
                    1.0
                ]
            ]
        },
        "CAM_BACK_LEFT": {
            "img_path": "data/4-BACK_LEFT.jpg",
            "sensor2lidar_rotation": [
                [
                    -0.3190666430400295,
                    -0.015874330652744205,
                    -0.9475993261529335
                ],
                [
                    0.9468727501967222,
                    0.03723445660382834,
                    -0.3194457546694154
                ],
                [
                    0.04035433352269609,
                    -0.9991804646147484,
                    0.003150698048692872
                ]
            ],
            "sensor2lidar_translation": [
                -0.4819713484505428,
                0.06224412478843533,
                -0.27703891767612276
            ],
            "cam_intrinsic": [
                [
                    1254.9860565800168,
                    0.0,
                    829.5769333630991
                ],
                [
                    0.0,
                    1254.9860565800168,
                    467.1680561863987
                ],
                [
                    0.0,
                    0.0,
                    1.0
                ]
            ],
            "lidar2img": {
                "extrinsic": [
                    [
                        -522.0735473632812,
                        406.25518798828125,
                        23.43346405029297,
                        -270.41949462890625
                    ],
                    [
                        -137.21653747558594,
                        -22.741493225097656,
                        -551.314208984375,
                        -217.45440673828125
                    ],
                    [
                        -0.9475993514060974,
                        -0.31944575905799866,
                        0.0031506980303674936,
                        -0.43595924973487854
                    ],
                    [
                        0.0,
                        0.0,
                        0.0,
                        1.0
                    ]
                ],
                "intrinsic": [
                    [
                        1.0,
                        0.0,
                        0.0
                    ],
                    [
                        0.0,
                        1.0,
                        0.0
                    ],
                    [
                        0.0,
                        0.0,
                        1.0
                    ]
                ]
            },
            "post_tran": [
                0.0,
                -70.0,
                0.0
            ],
            "post_rot": [
                [
                    0.4399999976158142,
                    0.0,
                    0.0
                ],
                [
                    0.0,
                    0.4399999976158142,
                    0.0
                ],
                [
                    0.0,
                    0.0,
                    1.0
                ]
            ]
        },
        "CAM_BACK_RIGHT": {
            "img_path": "data/5-BACK_RIGHT.jpg",
            "sensor2lidar_rotation": [
                [
                    -0.38238670268333225,
                    0.013899260058095915,
                    0.9238978407707253
                ],
                [
                    -0.9229140860971667,
                    0.042769706432865595,
                    -0.38262297617247154
                ],
                [
                    -0.0448330156737461,
                    -0.9989882695915335,
                    -0.003526744123653079
                ]
            ],
            "sensor2lidar_translation": [
                0.4675525933528206,
                -0.09918235324892066,
                -0.2951813536474859
            ],
            "cam_intrinsic": [
                [
                    1249.9629280788233,
                    0.0,
                    825.3768045375984
                ],
                [
                    0.0,
                    1249.9629280788233,
                    462.54816385708756
                ],
                [
                    0.0,
                    0.0,
                    1.0
                ]
            ],
            "lidar2img": {
                "extrinsic": [
                    [
                        125.22164154052734,
                        -646.5432739257812,
                        -25.93821907043457,
                        -130.32986450195312
                    ],
                    [
                        131.00430297851562,
                        -27.56563377380371,
                        -549.8981323242188,
                        -226.3050994873047
                    ],
                    [
                        0.9238978624343872,
                        -0.38262298703193665,
                        -0.0035267441999167204,
                        -0.4709613025188446
                    ],
                    [
                        0.0,
                        0.0,
                        0.0,
                        1.0
                    ]
                ],
                "intrinsic": [
                    [
                        1.0,
                        0.0,
                        0.0
                    ],
                    [
                        0.0,
                        1.0,
                        0.0
                    ],
                    [
                        0.0,
                        0.0,
                        1.0
                    ]
                ]
            },
            "post_tran": [
                0.0,
                -70.0,
                0.0
            ],
            "post_rot": [
                [
                    0.4399999976158142,
                    0.0,
                    0.0
                ],
                [
                    0.0,
                    0.4399999976158142,
                    0.0
                ],
                [
                    0.0,
                    0.0,
                    1.0
                ]
            ]
        }
    }
}